#Sector	Layer	Component	Order	Mean	Sigma

1	1	1	0	6686.950242	764.094147
1	1	1	1	7948.841818	917.103317
1	1	2	0	10540.325592	1219.043473
1	1	2	1	13848.155739	1557.831856
1	1	3	0	12836.208956	1567.813776
1	1	3	1	8433.268402	1053.996178
2	1	1	0	7412.065201	951.806013
2	1	1	1	8005.380934	1005.183653
2	1	2	0	7852.284181	1085.945165
2	1	2	1	7549.513270	1063.083453
2	1	3	0	3661.432869	475.651370
2	1	3	1	4059.897061	511.611482
2	1	4	0	7823.869231	1046.597073
2	1	4	1	7822.907956	1081.953551
2	1	5	0	4869.087379	631.455736
2	1	5	1	5261.431017	698.579062
2	1	6	0	7453.710871	962.880741
2	1	6	1	8111.001883	1114.888962
2	1	7	0	9806.490301	1231.768018
2	1	7	1	11215.728316	1440.771690
3	1	1	0	7595.239848	744.041892
3	1	1	1	6682.968600	673.411646
3	1	2	0	7691.669819	828.680176
3	1	2	1	5789.695573	601.984591
3	1	3	0	9006.667311	943.069829
3	1	3	1	9213.610980	967.349595
3	1	4	0	7043.852869	732.963703
3	1	4	1	7009.838199	736.713107
3	1	5	0	8558.780147	956.910529
3	1	5	1	7762.037802	855.375369
3	1	6	0	6836.691396	741.618958
3	1	6	1	6811.563046	753.251090
4	1	1	0	12044.956288	1136.677145
4	1	1	1	19247.376583	1491.521371
4	1	2	0	7313.178871	716.135700
4	1	2	1	6411.138957	640.403219
4	1	3	0	7154.015003	698.239623
4	1	3	1	6417.716866	634.379205
4	1	4	0	8229.929150	804.981644
4	1	4	1	7115.813908	697.050993
4	1	5	0	8753.929786	957.152735
4	1	5	1	8562.620479	930.634946
4	1	6	0	9399.235492	984.235023
4	1	6	1	8435.583720	888.186050
5	1	1	0	10162.281693	1418.053886
5	1	1	1	8595.436756	1147.497120
5	1	2	0	9551.958632	1353.166289
5	1	2	1	7247.809164	983.679442
1	2	1	0	17450.868701	1659.628751
1	2	1	1	12775.155981	1461.357510
1	2	2	0	16130.123006	1758.887594
1	2	2	1	15396.141982	1691.593874
1	2	3	0	10393.485613	1333.433509
1	2	3	1	16021.474384	1736.534430
2	2	1	0	7301.253768	948.025871
2	2	1	1	9173.733132	1270.557056
2	2	2	0	8947.010159	1294.634615
2	2	2	1	8883.790381	1269.568476
2	2	3	0	7964.974568	1162.036412
2	2	3	1	10863.098811	1574.697800
2	2	4	0	11604.100046	1560.466058
2	2	4	1	11030.106925	1542.493399
2	2	5	0	8373.787218	1173.531821
2	2	5	1	9035.096708	1201.730548
2	2	6	0	9458.976096	1237.289554
2	2	6	1	12127.497487	1635.869155
2	2	7	0	11016.603132	1509.847446
2	2	7	1	10429.251323	1388.719982
3	2	1	0	4366.462223	426.293951
3	2	1	1	15160.669533	1355.498375
3	2	2	0	8160.062558	784.353597
3	2	2	1	9171.109324	868.212401
3	2	3	0	7238.824922	784.710382
3	2	3	1	6261.397545	675.415028
3	2	4	0	7221.449201	783.683537
3	2	4	1	7233.691883	798.486447
3	2	5	0	8145.402637	898.377723
3	2	5	1	7790.308439	859.652856
3	2	6	0	4850.129552	542.510241
3	2	6	1	6419.663000	715.588867
4	2	1	0	12966.454967	1321.664581
4	2	1	1	12931.854319	1268.485819
4	2	2	0	7107.891876	688.844047
4	2	2	1	7970.105689	768.713040
4	2	3	0	8120.354503	815.747727
4	2	3	1	7871.429879	811.737768
4	2	4	0	6352.419413	690.730251
4	2	4	1	6000.085042	640.367210
4	2	5	0	17402.414188	1582.340264
4	2	5	1	8179.145294	926.554546
4	2	6	0	4065.687718	445.057176
4	2	6	1	4030.211066	443.808383
5	2	1	0	8617.500682	1305.773417
5	2	1	1	11110.327998	1582.008518
5	2	2	0	12400.063083	1618.788805
5	2	2	1	10826.200747	1598.902186
1	3	1	0	14569.597230	1554.809618
1	3	1	1	15908.718557	1661.792120
1	3	2	0	16430.666106	1772.562897
1	3	2	1	14361.347153	1649.859222
1	3	3	0	16999.701352	1685.677380
1	3	3	1	19223.848239	1544.591261
2	3	1	0	7331.561823	960.525841
2	3	1	1	7996.545525	1101.643860
2	3	2	0	14623.537814	1840.352310
2	3	2	1	11858.291273	1669.295905
2	3	3	0	10355.803613	1392.918341
2	3	3	1	10984.535535	1453.011277
2	3	4	0	10837.705354	1531.354814
2	3	4	1	11687.446324	1565.831378
2	3	5	0	11023.300203	1443.454208
2	3	5	1	9382.097623	1207.099666
2	3	6	0	10827.048364	1391.233660
2	3	6	1	11034.143358	1553.431549
2	3	7	0	9852.773300	1300.669443
2	3	7	1	11075.936016	1521.004986
3	3	1	0	5495.214292	550.143155
3	3	1	1	5140.779338	505.151080
3	3	2	0	6413.825472	641.701817
3	3	2	1	6943.914083	710.952904
3	3	3	0	4882.247969	507.042274
3	3	3	1	6222.048443	628.114052
3	3	4	0	14311.002440	1596.244255
3	3	4	1	12147.708042	1371.699379
3	3	5	0	6287.164279	3768.607568
3	3	5	1	7963.420435	922.357919
3	3	6	0	10332.550127	1268.574072
3	3	6	1	11367.163361	1321.154249
4	3	1	0	18286.218739	1596.711105
4	3	1	1	17186.483895	1646.175925
4	3	2	0	12674.675498	906.973529
4	3	2	1	7232.873109	795.500787
4	3	3	0	17893.552223	1536.699498
4	3	3	1	21057.388301	4615.026178
4	3	4	0	6896.348054	741.846618
4	3	4	1	7779.524189	853.168316
4	3	5	0	6385.045529	707.996995
4	3	5	1	7496.864249	801.211902
4	3	6	0	5865.536604	633.987915
4	3	6	1	5618.837936	601.693573
5	3	1	0	8794.367258	1269.697752
5	3	1	1	9679.271458	1431.157340
5	3	2	0	13605.834606	1780.574914
5	3	2	1	11418.297772	1512.107592
1	4	1	0	10995.029363	1195.316141
1	4	1	1	13197.513043	1448.065924
1	4	2	0	18441.184683	1730.768532
1	4	2	1	17040.601460	1713.867115
1	4	3	0	18582.335164	1751.754006
1	4	3	1	16555.814190	1720.123466
2	4	1	0	5505.389093	744.910804
2	4	1	1	5073.503760	664.650747
2	4	2	0	11807.494665	1640.502603
2	4	2	1	9511.358443	1272.171467
2	4	3	0	10583.507508	1359.049233
2	4	3	1	14444.666076	1685.379317
2	4	4	0	9551.487394	1374.989717
2	4	4	1	8856.036064	1184.810712
2	4	5	0	12136.498882	1574.981177
2	4	5	1	18548.226808	1691.072563
2	4	6	0	8556.720386	1208.368568
2	4	6	1	11703.616937	1527.465995
2	4	7	0	22963.630886	5390.909294
2	4	7	1	18597.861948	1821.335358
3	4	1	0	9634.936843	1072.866336
3	4	1	1	4758.175887	516.220972
3	4	2	0	5998.844846	605.798073
3	4	2	1	5523.195895	579.576172
3	4	3	0	6854.027785	724.677496
3	4	3	1	6579.800881	684.364958
3	4	4	0	17803.503790	3184.359104
3	4	4	1	22698.470852	5057.950252
3	4	5	0	8205.617981	918.704659
3	4	5	1	7636.277698	858.973606
3	4	6	0	9546.118526	1197.800647
3	4	6	1	9985.533677	1237.792051
4	4	1	0	5429.069826	551.204025
4	4	1	1	6690.545492	663.608866
4	4	2	0	6982.428289	722.018895
4	4	2	1	7979.161543	854.026265
4	4	3	0	6984.778919	696.169276
4	4	3	1	6658.328897	663.429019
4	4	4	0	6546.040125	662.323614
4	4	4	1	6737.115697	691.369219
4	4	5	0	8752.921695	922.821831
4	4	5	1	7062.050721	721.828352
4	4	6	0	12726.096754	1296.184070
4	4	6	1	14955.688102	1375.301915
5	4	1	0	12292.711955	1639.822218
5	4	1	1	10489.771812	1288.366603
5	4	2	0	14226.580532	1762.588987
5	4	2	1	14206.580802	1656.433624
1	5	1	0	16282.307890	1609.166430
1	5	1	1	13477.226422	1527.619457
1	5	2	0	17358.786882	1787.070070
1	5	2	1	18514.658863	1734.708535
1	5	3	0	14668.305671	1701.609016
1	5	3	1	13558.422725	1649.547988
2	5	1	0	16267.436934	1745.404791
2	5	1	1	15612.605098	1727.761216
2	5	2	0	14277.827070	1735.756403
2	5	2	1	11530.171075	1601.944541
2	5	3	0	17798.771014	1645.349043
2	5	3	1	14892.635632	1787.196961
2	5	4	0	16983.725901	1830.888222
2	5	4	1	15753.073282	1772.129639
2	5	5	0	9616.950141	1226.673448
2	5	5	1	14302.042916	1681.950332
2	5	6	0	10356.520919	1311.767684
2	5	6	1	15437.963862	1718.500713
2	5	7	0	9543.486592	1300.565991
2	5	7	1	13706.824090	1802.919300
3	5	1	0	8094.637321	724.856912
3	5	1	1	8068.671993	735.788779
3	5	2	0	8353.158613	725.727300
3	5	2	1	7977.990533	721.634767
3	5	3	0	7523.252369	711.068795
3	5	3	1	7421.997591	702.698956
3	5	4	0	7862.838224	818.561404
3	5	4	1	8264.584269	831.806839
3	5	5	0	8678.087831	911.013220
3	5	5	1	8069.453955	856.047186
4	5	1	0	8216.435629	752.146465
4	5	1	1	7907.995129	734.721123
4	5	2	0	15438.801909	1440.821055
4	5	2	1	13450.915218	1295.704355
4	5	3	0	8245.281258	780.857890
4	5	3	1	7741.805387	747.115767
4	5	4	0	7758.681480	734.777370
4	5	4	1	7358.777821	680.302194
4	5	5	0	7589.467655	665.365568
4	5	5	1	7974.825148	717.847674
1	6	1	0	8413.530740	2422.020368
1	6	1	1	-1.000000	-1.000000
1	6	2	0	5770.508122	1550.822646
1	6	2	1	-1.000000	-1.000000
1	6	3	0	5076.103436	1356.615445
1	6	3	1	-1.000000	-1.000000
2	6	1	0	1722.747760	946.331973
2	6	1	1	-1.000000	-1.000000
2	6	2	0	5269.449630	643.889276
2	6	2	1	-1.000000	-1.000000
2	6	3	0	3340.286698	1279.794923
2	6	3	1	-1.000000	-1.000000
2	6	4	0	5205.466947	1575.003020
2	6	4	1	-1.000000	-1.000000
2	6	5	0	2779.460962	1083.244509
2	6	5	1	-1.000000	-1.000000
2	6	6	0	3061.619010	1011.520154
2	6	6	1	-1.000000	-1.000000
2	6	7	0	2598.697675	1057.535738
2	6	7	1	-1.000000	-1.000000
3	6	1	0	4262.160246	1250.365182
3	6	1	1	-1.000000	-1.000000
3	6	2	0	2465.712256	760.667253
3	6	2	1	-1.000000	-1.000000
3	6	3	0	4587.445955	1540.364094
3	6	3	1	-1.000000	-1.000000
3	6	4	0	-1.000000	-1.000000
3	6	4	1	-1.000000	-1.000000
3	6	5	0	1483.381307	1032.596838
3	6	5	1	-1.000000	-1.000000
3	6	6	0	1595.558687	236.959591
3	6	6	1	-1.000000	-1.000000
4	6	1	0	-1.000000	-1.000000
4	6	1	1	11550.648693	2990.014282
4	6	2	0	-1.000000	-1.000000
4	6	2	1	4395.618725	1283.911794
4	6	3	0	-1.000000	-1.000000
4	6	3	1	4961.641239	1547.621725
4	6	4	0	-1.000000	-1.000000
4	6	4	1	4544.865641	1320.648573
4	6	5	0	-1.000000	-1.000000
4	6	5	1	4631.137413	1009.670448
4	6	6	0	-1.000000	-1.000000
4	6	6	1	12198.694739	670.854577
5	6	1	0	7507.714890	2149.517066
5	6	1	1	-1.000000	-1.000000
5	6	2	0	3527.303212	1197.922500
5	6	2	1	-1.000000	-1.000000
