# BAND SETUP, Crate 66, Fadcs from 3 to 8 and 10
# CRATE - SLOT - CHANNEL - PEDESTAL - NSB - NSA - TET - WINDOW_OFF - WINDOW_SIZE
66	3	0	58.51	4	24	82	1000	500
66	3	1	73.81	4	24	82	1000	500
66	3	2	63.987	4	24	82	1000	500
66	3	3	54.827	4	24	82	1000	500
66	3	4	57.731	4	24	82	1000	500
66	3	5	44.356	4	24	82	1000	500
66	3	6	78.214	4	24	82	1000	500
66	3	7	61.18	4	24	82	1000	500
66	3	8	69.272	4	24	82	1000	500
66	3	9	62.611	4	24	82	1000	500
66	3	10	91.515	4	24	82	1000	500
66	3	11	108.526	4	24	82	1000	500
66	3	12	74.299	4	24	82	1000	500
66	3	13	68.034	4	24	82	1000	500
66	3	14	41.129	4	24	82	1000	500
66	3	15	69.876	4	24	82	1000	500
66	4	0	120.699	4	24	82	1000	500
66	4	1	60.907	4	24	82	1000	500
66	4	2	49.371	4	24	82	1000	500
66	4	3	72.909	4	24	82	1000	500
66	4	4	88	4	24	82	1000	500
66	4	5	63.329	4	24	82	1000	500
66	4	6	88.711	4	24	82	1000	500
66	4	7	66.632	4	24	82	1000	500
66	4	8	70.849	4	24	82	1000	500
66	4	9	113.989	4	24	82	1000	500
66	4	10	40.231	4	24	82	1000	500
66	4	11	100.769	4	24	82	1000	500
66	4	12	69.051	4	24	82	1000	500
66	4	13	45.204	4	24	82	1000	500
66	4	14	68.621	4	24	82	1000	500
66	4	15	87.526	4	24	82	1000	500
66	5	0	92.596	4	24	82	1000	500
66	5	1	70.615	4	24	82	1000	500
66	5	2	103.394	4	24	82	1000	500
66	5	3	64.374	4	24	82	1000	500
66	5	4	80.979	4	24	82	1000	500
66	5	5	106.322	4	24	82	1000	500
66	5	6	76.595	4	24	82	1000	500
66	5	7	86.143	4	24	82	1000	500
66	5	8	92.972	4	24	82	1000	500
66	5	9	108.872	4	24	82	1000	500
66	5	10	99.604	4	24	82	1000	500
66	5	11	91.016	4	24	82	1000	500
66	5	12	108.656	4	24	82	1000	500
66	5	13	93.359	4	24	82	1000	500
66	5	14	83.598	4	24	82	1000	500
66	5	15	93.787	4	24	82	1000	500
66	6	0	77.839	4	24	82	1000	500
66	6	1	48.58	4	24	82	1000	500
66	6	2	59.458	4	24	82	1000	500
66	6	3	81.591	4	24	82	1000	500
66	6	4	100.055	4	24	82	1000	500
66	6	5	84.938	4	24	82	1000	500
66	6	6	92.148	4	24	82	1000	500
66	6	7	76.072	4	24	82	1000	500
66	6	8	83.45	4	24	82	1000	500
66	6	9	74.444	4	24	82	1000	500
66	6	10	104.455	4	24	82	1000	500
66	6	11	34.029	4	24	82	1000	500
66	6	12	100.624	4	24	82	1000	500
66	6	13	73.938	4	24	82	1000	500
66	6	14	53.036	4	24	82	1000	500
66	6	15	91.29	4	24	82	1000	500
66	7	0	93.234	4	24	82	1000	500
66	7	1	103.074	4	24	82	1000	500
66	7	2	82.999	4	24	82	1000	500
66	7	3	76.425	4	24	82	1000	500
66	7	4	112.551	4	24	82	1000	500
66	7	5	124.96	4	24	82	1000	500
66	7	6	65.108	4	24	82	1000	500
66	7	7	90.982	4	24	82	1000	500
66	7	8	107.285	4	24	82	1000	500
66	7	9	75.705	4	24	82	1000	500
66	7	10	95.903	4	24	82	1000	500
66	7	11	64.342	4	24	82	1000	500
66	7	12	90.631	4	24	82	1000	500
66	7	13	111.079	4	24	82	1000	500
66	7	14	90.08	4	24	82	1000	500
66	7	15	84.849	4	24	82	1000	500
66	8	0	101.495	4	24	82	1000	500
66	8	1	91.338	4	24	82	1000	500
66	8	2	112.449	4	24	82	1000	500
66	8	3	101.791	4	24	82	1000	500
66	8	4	113.894	4	24	82	1000	500
66	8	5	116.665	4	24	82	1000	500
66	8	6	96.345	4	24	82	1000	500
66	8	7	57.487	4	24	82	1000	500
66	8	8	64.146	4	24	82	1000	500
66	8	9	87.287	4	24	82	1000	500
66	8	10	79.412	4	24	82	1000	500
66	8	11	112.14	4	24	82	1000	500
66	8	12	68.225	4	24	82	1000	500
66	8	13	91.862	4	24	82	1000	500
66	8	14	62.292	4	24	82	1000	500
66	8	15	115.656	4	24	82	1000	500
66	9	0	79.72	4	24	82	1000	500
66	9	1	65.273	4	24	82	1000	500
66	9	2	86.586	4	24	82	1000	500
66	9	3	76.92	4	24	82	1000	500
66	9	4	109.764	4	24	82	1000	500
66	9	5	73.344	4	24	82	1000	500
66	9	6	34.602	4	24	82	1000	500
66	9	7	79.815	4	24	82	1000	500
66	9	8	76.741	4	24	82	1000	500
66	9	9	105.003	4	24	82	1000	500
66	9	10	59.549	4	24	82	1000	500
66	9	11	61.345	4	24	82	1000	500
66	9	12	102.072	4	24	82	1000	500
66	9	13	108.053	4	24	82	1000	500
66	9	14	79.309	4	24	82	1000	500
66	9	15	104.775	4	24	82	1000	500
66	10	0	68.748	4	24	82	1000	500
66	10	1	83.697	4	24	82	1000	500
66	10	2	82.716	4	24	82	1000	500
66	10	3	91.34	4	24	82	1000	500
66	10	4	84.574	4	24	82	1000	500
66	10	5	55.885	4	24	82	1000	500
66	10	6	101.297	4	24	82	1000	500
66	10	7	95.843	4	24	82	1000	500
66	10	8	78.252	4	24	82	1000	500
66	10	9	98.681	4	24	82	1000	500
66	10	10	65.127	4	24	82	1000	500
66	10	11	72.878	4	24	82	1000	500
66	10	12	59.119	4	24	82	1000	500
66	10	13	91.968	4	24	82	1000	500
66	10	14	56.105	4	24	82	1000	500
66	10	15	73.239	4	24	82	1000	500
66	13	0	113.406	4	24	82	1000	500
66	13	1	129.878	4	24	82	1000	500
66	13	2	110.236	4	24	82	1000	500
66	13	3	117.135	4	24	82	1000	500
66	13	4	109.148	4	24	82	1000	500
66	13	5	102.483	4	24	82	1000	500
66	13	6	146.758	4	24	82	1000	500
66	13	7	109.347	4	24	82	1000	500
66	13	8	129.21	4	24	82	1000	500
66	13	9	110.35	4	24	82	1000	500
66	13	10	106.369	4	24	82	1000	500
66	13	11	96.193	4	24	82	1000	500
66	13	12	99.597	4	24	82	1000	500
66	13	13	108.201	4	24	82	1000	500
66	13	14	111.721	4	24	82	1000	500
66	13	15	83.071	4	24	82	1000	500
66	14	0	57.493	4	24	82	1000	500
66	14	1	79.673	4	24	82	1000	500
66	14	2	91.545	4	24	82	1000	500
66	14	3	98.015	4	24	82	1000	500
66	14	4	149.929	4	24	82	1000	500
66	14	5	154.762	4	24	82	1000	500
66	14	6	106.518	4	24	82	1000	500
66	14	7	128.929	4	24	82	1000	500
66	14	8	71.718	4	24	82	1000	500
66	14	9	104.737	4	24	82	1000	500
66	14	10	96.929	4	24	82	1000	500
66	14	11	100.236	4	24	82	1000	500
66	14	12	106.991	4	24	82	1000	500
66	14	13	105.991	4	24	82	1000	500
66	14	14	131.245	4	24	82	1000	500
66	14	15	94.367	4	24	82	1000	500
66	15	0	82.743	4	24	82	1000	500
66	15	1	71.003	4	24	82	1000	500
66	15	2	75.839	4	24	82	1000	500
66	15	3	82.749	4	24	82	1000	500
66	15	4	57.28	4	24	82	1000	500
66	15	5	91.411	4	24	82	1000	500
66	15	6	119.115	4	24	82	1000	500
66	15	7	89.059	4	24	82	1000	500
66	15	8	95.293	4	24	82	1000	500
66	15	9	93.092	4	24	82	1000	500
66	15	10	78.722	4	24	82	1000	500
66	15	11	60.951	4	24	82	1000	500
66	15	12	94.75	4	24	82	1000	500
66	15	13	76.989	4	24	82	1000	500
66	15	14	105.27	4	24	82	1000	500
66	15	15	94.632	4	24	82	1000	500
66	16	0	101.761	4	24	82	1000	500
66	16	1	81.854	4	24	82	1000	500
66	16	2	78.723	4	24	82	1000	500
66	16	3	71.657	4	24	82	1000	500
66	16	4	92.862	4	24	82	1000	500
66	16	5	72.479	4	24	82	1000	500
66	16	6	92.649	4	24	82	1000	500
66	16	7	39.749	4	24	82	1000	500
66	16	8	93.512	4	24	82	1000	500
66	16	9	63.149	4	24	82	1000	500
66	16	10	72.301	4	24	82	1000	500
66	16	11	71.031	4	24	82	1000	500
66	16	12	86.804	4	24	82	1000	500
66	16	13	90.912	4	24	82	1000	500
66	16	14	82.902	4	24	82	1000	500
66	16	15	81.689	4	24	82	1000	500
66	17	0	94.924	4	24	82	1000	500
66	17	1	93.642	4	24	82	1000	500
66	17	2	112.977	4	24	82	1000	500
66	17	3	97.635	4	24	82	1000	500
66	17	4	93.864	4	24	82	1000	500
66	17	5	100.299	4	24	82	1000	500
66	17	6	104.552	4	24	82	1000	500
66	17	7	104.84	4	24	82	1000	500
66	17	8	114.412	4	24	82	1000	500
66	17	9	118.392	4	24	82	1000	500
66	17	10	118.552	4	24	82	1000	500
66	17	11	81.8	4	24	82	1000	500
66	17	12	98.725	4	24	82	1000	500
66	17	13	80.254	4	24	82	1000	500
66	17	14	66.184	4	24	82	1000	500
66	17	15	97.201	4	24	82	1000	500
66	18	0	114.33	4	24	82	1000	500
66	18	1	103.147	4	24	82	1000	500
66	18	2	104.142	4	24	82	1000	500
66	18	3	114.22	4	24	82	1000	500
66	18	4	93.634	4	24	82	1000	500
66	18	5	118.123	4	24	82	1000	500
66	18	6	97.441	4	24	82	1000	500
66	18	7	136.079	4	24	82	1000	500
66	18	8	99.338	4	24	82	1000	500
66	18	9	130.823	4	24	82	1000	500
66	18	10	94.899	4	24	82	1000	500
66	18	11	94.098	4	24	82	1000	500
66	18	12	129.715	4	24	82	1000	500
66	18	13	104.704	4	24	82	1000	500
66	18	14	87.269	4	24	82	1000	500
66	18	15	109.835	4	24	82	1000	500
66	19	0	81.481	4	24	82	1000	500
66	19	1	95.598	4	24	82	1000	500
66	19	2	66.245	4	24	82	1000	500
66	19	3	49.852	4	24	82	1000	500
66	19	4	21.925	4	24	82	1000	500
66	19	5	82.907	4	24	82	1000	500
66	19	6	80.369	4	24	82	1000	500
66	19	7	85.166	4	24	82	1000	500
66	19	8	92.378	4	24	82	1000	500
66	19	9	90.755	4	24	82	1000	500
66	19	10	61.882	4	24	82	1000	500
66	19	11	73.949	4	24	82	1000	500
66	19	12	35.04	4	24	82	1000	500
66	19	13	79.798	4	24	82	1000	500
66	19	14	73.162	4	24	82	1000	500
66	19	15	63.118	4	24	82	1000	500
66	20	0	101.636	4	24	82	1000	500
66	20	1	104.614	4	24	82	1000	500
66	20	2	123.87	4	24	82	1000	500
66	20	3	110.804	4	24	82	1000	500
66	20	4	124.51	4	24	82	1000	500
66	20	5	129.021	4	24	82	1000	500
66	20	6	86.389	4	24	82	1000	500
66	20	7	91.796	4	24	82	1000	500
66	20	8	127.12	4	24	82	1000	500
66	20	9	127.671	4	24	82	1000	500
66	20	10	105.448	4	24	82	1000	500
66	20	11	113.81	4	24	82	1000	500
66	20	12	110.981	4	24	82	1000	500
66	20	13	109.893	4	24	82	1000	500
66	20	14	63.652	4	24	82	1000	500
66	20	15	103.541	4	24	82	1000	500
