 Sector  Layer  Component  HV left  HV right 
1 1 1 0 1350 
1 1 1 1 1315 
1 1 2 0 1266 
1 1 2 1 1316 
1 1 3 0 1381 
1 1 3 1 1333 
1 2 1 0 1173 
1 2 1 1 1286 
1 2 2 0 1287 
1 2 2 1 1196 
1 2 3 0 1214 
1 2 3 1 1188 
1 3 1 0 1206 
1 3 1 1 1240 
1 3 2 0 1233 
1 3 2 1 1207 
1 3 3 0 1227 
1 3 3 1 1205 
1 4 1 0 1258 
1 4 1 1 1223 
1 4 2 0 1213 
1 4 2 1 1228 
1 4 3 0 1210 
1 4 3 1 1255 
1 5 1 0 1187 
1 5 1 1 1269 
1 5 2 0 1175 
1 5 2 1 1164 
1 5 3 0 1204 
1 5 3 1 1243 
2 1 1 0 1331 
2 1 1 1 1313 
2 1 2 0 1321 
2 1 2 1 1327 
2 1 3 0 1357 
2 1 3 1 1334 
2 1 4 0 1321 
2 1 4 1 1321 
2 1 5 0 1418 
2 1 5 1 1405 
2 1 6 0 1328 
2 1 6 1 1314 
2 1 7 0 1279 
2 1 7 1 1203 
2 2 1 0 1277 
2 2 1 1 1291 
2 2 2 0 1296 
2 2 2 1 1298 
2 2 3 0 1263 
2 2 3 1 1291 
2 2 4 0 1251 
2 2 4 1 1260 
2 2 5 0 1308 
2 2 5 1 1294 
2 2 6 0 1286 
2 2 6 1 1239 
2 2 7 0 1260 
2 2 7 1 1269 
2 3 1 0 1274 
2 3 1 1 1261 
2 3 2 0 1203 
2 3 2 1 1242 
2 3 3 0 1269 
2 3 3 1 1259 
2 3 4 0 1263 
2 3 4 1 1249 
2 3 5 0 1259 
2 3 5 1 1287 
2 3 6 0 1262 
2 3 6 1 1260 
2 3 7 0 1279 
2 3 7 1 1260 
2 4 1 0 1270 
2 4 1 1 1286 
2 4 2 0 1243 
2 4 2 1 1284 
2 4 3 0 1265 
2 4 3 1 1207 
2 4 4 0 1284 
2 4 4 1 1299 
2 4 5 0 1289 
2 4 5 1 1162 
2 4 6 0 1305 
2 4 6 1 1244 
2 4 7 0 1226 
2 4 7 1 1299 
2 5 1 0 1186 
2 5 1 1 1293 
2 5 2 0 1208 
2 5 2 1 1246 
2 5 3 0 1174 
2 5 3 1 1201 
2 5 4 0 1177 
2 5 4 1 1192 
2 5 5 0 1282 
2 5 5 1 1208 
2 5 6 0 1270 
2 5 6 1 1194 
2 5 7 0 1401 
2 5 7 1 1407 
3 1 1 0 919.2 
3 1 1 1 943.8 
3 1 2 0 974.1 
3 1 2 1 988.2 
3 1 3 0 1000 
3 1 3 1 958.7 
3 1 4 0 975.1 
3 1 4 1 966.2 
3 1 5 0 1424 
3 1 5 1 1467 
3 1 6 0 947.1 
3 1 6 1 948.4 
3 2 1 0 1438 
3 2 1 1 1349 
3 2 2 0 990.7 
3 2 2 1 976.9 
3 2 3 0 1325 
3 2 3 1 1033 
3 2 4 0 1247 
3 2 4 1 1317 
3 2 5 0 1050 
3 2 5 1 1069 
3 2 6 0 1044 
3 2 6 1 1014 
3 3 1 0 1063 
3 3 1 1 1072 
3 3 2 0 1066 
3 3 2 1 1010 
3 3 3 0 1072 
3 3 3 1 1233 
3 3 4 0 1162 
3 3 4 1 1094 
3 3 5 0 1429 
3 3 5 1 1388 
3 3 6 0 1166 
3 3 6 1 1085 
3 4 1 0 1206 
3 4 1 1 1233 
3 4 2 0 1180 
3 4 2 1 1080 
3 4 3 0 1230 
3 4 3 1 1208 
3 4 4 0 1314 
3 4 4 1 1447 
3 4 5 0 1474 
3 4 5 1 1498 
3 4 6 0 1421 
3 4 6 1 1385 
3 5 1 0 1197 
3 5 1 1 1190 
3 5 2 0 1213 
3 5 2 1 1176 
3 5 3 0 1131 
3 5 3 1 1046 
3 5 4 0 1084 
3 5 4 1 1181 
3 5 5 0 1202 
3 5 5 1 1174 
4 1 1 0 878.7 
4 1 1 1 1228 
4 1 2 0 963.8 
4 1 2 1 975.2 
4 1 3 0 976.9 
4 1 3 1 926.5 
4 1 4 0 1522 
4 1 4 1 1464 
4 1 5 0 1517 
4 1 5 1 1524 
4 1 6 0 944.8 
4 1 6 1 955.6 
4 2 1 0 1326 
4 2 1 1 1426 
4 2 2 0 1050 
4 2 2 1 1039 
4 2 3 0 1388 
4 2 3 1 1431 
4 2 4 0 999 
4 2 4 1 1011 
4 2 5 0 1236 
4 2 5 1 1198 
4 2 6 0 1063 
4 2 6 1 1064 
4 3 1 0 1047 
4 3 1 1 1139 
4 3 2 0 1333 
4 3 2 1 1243 
4 3 3 0 1149 
4 3 3 1 1269 
4 3 4 0 1225 
4 3 4 1 1288 
4 3 5 0 1036 
4 3 5 1 1071 
4 3 6 0 1139 
4 3 6 1 1274 
4 4 1 0 1080 
4 4 1 1 1057 
4 4 2 0 1141 
4 4 2 1 1127 
4 4 3 0 1199 
4 4 3 1 1205 
4 4 4 0 1218 
4 4 4 1 1224 
4 4 5 0 1072 
4 4 5 1 1254 
4 4 6 0 1479 
4 4 6 1 1327 
4 5 1 0 1174 
4 5 1 1 1132 
4 5 2 0 1197 
4 5 2 1 1116 
4 5 3 0 1104 
4 5 3 1 1110 
4 5 4 0 1150 
4 5 4 1 1086 
4 5 5 0 1118 
4 5 5 1 1188 
5 1 1 0 1273 
5 1 1 1 1302 
5 1 2 0 1179 
5 1 2 1 1336 
5 2 1 0 1303 
5 2 1 1 1254 
5 2 2 0 1235 
5 2 2 1 1263 
5 3 1 0 1302 
5 3 2 0 1217 
5 3 2 1 1255 
5 4 1 0 1236 
5 4 1 1 1268 
5 4 2 0 1208 
5 4 2 1 1209 
1 6 1 0 1500 
1 6 2 0 1333 
1 6 3 0 1590 
2 6 1 0 1617 
2 6 2 0 1381 
2 6 3 0 1366 
2 6 4 0 1341 
2 6 5 0 1460 
2 6 6 0 1575 
2 6 7 0 1489 
3 6 1 0 1448 
3 6 2 0 1443 
3 6 3 0 1512 
3 6 4 0 1718 
3 6 5 0 1247 
3 6 6 0 1383 
4 6 1 1 1526 
4 6 2 1 1428 
5 6 1 0 1312 
5 6 2 0 1445 
5 3 1 1 1285 
4 6 3 1 1527 
4 6 4 1 1386 
4 6 5 1 1366 
4 6 6 1 1349 
