HV	Sector	Layer	Component	Left Mean	Left Sigma	Right Mean	Right Sigma
1.1	3	1	1	54000	2.4	57000	2.4
1.1	3	1	2	37000	2.4	41000	2.4
1.1	3	1	3	2.4	2.4	55000	2.4
1.1	3	1	4	40000	2.4	42000	2.4
1.1	3	1	5	2000	2.4	900	2.4
1.1	3	1	6	2.4	2.4	56000	2.4
1.1	4	1	1	64000	2.4	2.4	2.4
1.1	4	1	2	44000	2.4	2.4	2.4
1.1	4	1	3	53000	2.4	40000	2.4
1.1	4	1	4	1000	2.4	500	2.4
1.1	4	1	5	1000	2.4	1000	2.4
1.1	4	1	6	47000	2.4	44000	2.4
1.2	3	1	1	70000	2.4	64000	2.4
1.2	3	1	2	54000	2.4	58000	2.4
1.2	3	1	3	2.4	2.4	62000	2.4
1.2	3	1	4	56000	2.4	59000	2.4
1.2	3	1	5	3500	2.4	2500	2.4
1.2	3	1	6	2.4	2.4	64000	2.4
1.2	4	1	1	78000	2.4	2.4	2.4
1.2	4	1	2	61000	2.4	2.4	2.4
1.2	4	1	3	70000	2.4	58000	2.4
1.2	4	1	4	2000	2.4	3000	2.4
1.2	4	1	5	2000	2.4	2000	2.4
1.2	4	1	6	64000	2.4	60000	2.4
1.3	3	1	1	80000	2.4	80000	2.4
1.3	3	1	2	67000	2.4	72000	2.4
1.3	3	1	3	2.4	2.4	76000	2.4
1.3	3	1	4	70000	2.4	72000	2.4
1.3	3	1	5	7000	2.4	6000	2.4
1.3	3	1	6	2.4	2.4	80000	2.4
1.3	4	1	1	80000	2.4	2.4	2.4
1.3	4	1	2	74000	2.4	2.4	2.4
1.3	4	1	3	80000	2.4	72000	2.4
1.3	4	1	4	5000	2.4	6000	2.4
1.3	4	1	5	5000	2.4	4000	2.4
1.3	4	1	6	76000	2.4	72000	2.4


1	1	1	2.400	2.400	2.400	2.400
1	1	2	2.400	2.400	2.400	2.400
1	1	3	2.400	2.400	2.400	2.400
2	1	1	2.400	2.400	2.400	2.400
2	1	2	2.400	2.400	2.400	2.400
2	1	3	2.400	2.400	2.400	2.400
2	1	4	2.400	2.400	2.400	2.400
2	1	5	2.400	2.400	2.400	2.400
2	1	6	2.400	2.400	2.400	2.400
2	1	7	2.400	2.400	2.400	2.400
3	1	1	4474.323	603.288	1384.167	720.675
3	1	2	1814.567	739.695	1412.911	611.603
3	1	3	2.400	2.400	1229.692	451.678
3	1	4	1608.904	598.674	1250.591	475.960
3	1	5	14687.341	1335.652	8816.873	1000.000
3	1	6	2.400	2.400	1901.586	829.634
4	1	1	2.400	2.400	2.400	2.400
4	1	2	944.667	351.589	2.400	2.400
4	1	3	2080.736	1637.157	1308.655	572.236
4	1	4	9486.681	1171.841	11109.265	1285.378
4	1	5	9427.070	1165.934	12176.039	1000.000
4	1	6	729.726	141.861	996.964	181.578
5	1	1	2.400	2.400	2.400	2.400
5	1	2	2.400	2.400	2.400	2.400
