Sector	Layer	Component	HVLeft HV Right Left Mean	Left Sigma	Right Mean	Right Sigma
3	3	1	1.1	1.1 19745.769	1138.691	19745.769	1138.691
3	3	2	1.1	1.1 33000	2.4	21000	2.4
3	3	3	1.1	1.1 19730.437	1423.307	4773.343	692.429
3	3	4	1.1	1.1 16463.87	1465.385	9512.554	1100.695
3	3	5	1.1	1.1 1362.17	512.475	1306.68	484.919
3	3	6	1.1	1.1 2.4	2.4	12000	2.4
4	3	1	1.1	1.1 9000	2.4	2.4	2.4
4	3	2	1.1	1.1 4583.49	628.085	2.4	2.4
4	3	3 1.1	1.1 2.4	2.4	4012.426	558.138
4	3	4	1.1	1.1 5715.226	762.622	2.4	2.4
4	3	5	1.1	1.1 26000	2.4	2.4	2.4
4	3	6	1.1	1.1 11000	2.4	2.4	2.4
3	3	1	1.2	1.2	39000	2.4	38000	2.4
3	3	2	1.2	1.2	51000	2.4	40000	2.4
3	3	3	1.2	1.2	40000	2.4	11078.572	1503.358
3	3	4	1.2	1.2	36000	2.4	22000	2.4
3	3	5	1.2	1.2	5000	2.4	4000	2.4
3	3	6	1.2	1.2	2.4	2.4	28000	2.4
4	3	1	1.2	1.2	22000	2.4	2.4	2.4
4	3	2	1.2	1.2	10503.369	917.196	2.4	2.4
4	3	3	1.2	1.2	2.4	2.4	9177.224	1207.644
4	3	4	1.2	1.2	12648.814	1330.159	2.4	2.4
4	3	5	1.2	1.2	45000	2.4	2.4	2.4
4	3	6	1.2	1.2	24000	2.4	2.4	2.4
3	3	1	1.3	1.3	54000	2.4	54000	2.4
3	3	2	1.3	1.3	65000	2.4	53000	2.4
3	3	3	1.3	1.3	54000	2.4	26000	2.4
3	3	4	1.3	1.3	50000	2.4	38000	2.4
3	3	5	1.3	1.3	9000	2.4	8000	2.4
3	3	6	1.3	1.3	2.4	2.4	44000	2.4
4	3	1	1.3	1.3	35000	2.4	2.4	2.4
4	3	2	1.3	1.3	21000	2.4	2.4	2.4
4	3	3	1.3	1.3	2.4	2.4	19657.993	1021.152
4	3	4	1.3	1.3	27000	2.4	2.4	2.4
4	3	5	1.3	1.3	60000	2.4	2.4	2.4
4	3	6	1.3	1.3	42000	2.4	2.4	2.4
3	3	1	1.050 1.050 12539.936	1622.675	12665.954	1564.345
3	3	2	0.885 1.004 4000 2.4	8389.262	1304.123
3	3	3	1.050 1.226 12500	2.4	14676.722	1565.502
3	3	4	1.050 1.135 15738.578	1625.530	11782.311	1713.805
3	3	5	1.394 1.398 15060.446	1324.705	14568.834	1328.799
3	3	6	NaN 1.111 2.400	2.400	13890.068	1600.167
4	3	1	1.152 NaN 14027.768	1245.603	2.400	2.400
4	3	2	1.252 NaN 15000 2.4	2.400	2.400
4	3	3	NaN 1.263 2.400	2.400	14145.687	1601.867
4	3	4	1.218 NaN 13138.522	1724.273	2.400	2.400
4	3	5	0.961 NaN 7000 2.4	2.400	2.400
4	3	6	1.134 NaN 15280.891	1461.835	2.400	2.400

3	3	2	1.042 1.082 21000 2.4	18000	2.4
3	3	3	1.056 1.226 12500	2.4	14676.722	1565.502
3	3	4	1.054 1.135 10500 2.4	11782.311	1713.805
