Sector	Layer	Component	HVLeft HV Right Left Mean	Left Sigma	Right Mean	Right Sigma
3	2	1	1.1	1.1 3000	2.4	1500	2.4
3	2	2	1.1	1.1 45000	2.4	38000	2.4
3	2	3	1.1	1.1 1885.795	672.665	28000	2.4
3	2	4	1.1	1.1 4591.494	653.73	2892.211	431.596
3	2	5	1.1	1.1 20000	2.4	24000	2.4
3	2	6	1.1	1.1 2.4	2.4	30000	2.4
4	2	1	1.1	1.1 2000	2.4	2.4	2.4
4	2	2	1.1	1.1 24000	2.4	2.4	2.4
4	2	3	1.1	1.1 1478.316	250.389	1909.131	304.874
4	2	4	1.1	1.1 35000	2.4	32000	2.4
4	2	5	1.1	1.1 6000	2.4	8000	2.4
4	2	6	1.1	1.1 20000	2.4	2.4	2.4
3	2	1 1.2	1.2	6000	2.4	3500	2.4
3	2	2	1.2	1.2	62000	2.4	57000	2.4
3	2	3	1.2	1.2	5487.921	827.874	45000	2.4
3	2	4	1.2	1.2	10384.505	1181.476	6379.76	852.126
3	2	5	1.2	1.2	38000	2.4	46000	2.4
3	2	6	1.2	1.2	2.4	2.4	51000	2.4
4	2	1	1.2	1.2	4000	2.4	2.4	2.4
4	2	2	1.2	1.2	42000	2.4	2.4	2.4
4	2	3	1.2	1.2	2315.464	940.216	4138.216	622.957
4	2	4	1.2	1.2	52000	2.4	52000	2.4
4	2	5	1.2	1.2	13000	2.4	16000	2.4
4	2	6	1.2	1.2	40000	2.4	2.4	2.4
3	2	1	1.3	1.3	10756.504	1144.014	6181.285	848.69
3	2	2	1.3	1.3	76000	2.4	72000	2.4
3	2	3	1.3	1.3	11905.604	1532.398	60000	2.4
3	2	4	1.3	1.3	20307.84	864.549	13319.195	1444.116
3	2	5	1.3	1.3	52000	2.4	60000	2.4
4	2	1	1.3	1.3	6680.357	895.67	2.4	2.4
4	2	2	1.3	1.3	56000	2.4	2.4	2.4
4	2	3	1.3	1.3	6160.435	1164.485	8250.734	1322.562
4	2	5	1.3	1.3	36000	2.4	32000	2.4
4	2	6	1.3	1.3	56000	2.4	2.4	2.4
3	2	1	1.346 1.393 14756.465	1363.596	10767.596	1379.846
3	2	2	0.760 0.842 1117.884	316.957	2700	2.4
3	2	3	1.327 0.942 14325.717	1325.955	6000	2.4
3	2	4	1.256 1.317 15970.346	1381.034	14443.723	1457.181
3	2	5	1.019 0.974 8919.369	1521.448	7300	2.4
3	2	6	NaN 0.921 2.400	2.400	5345.925	769.258
4	2	1	1.417 NaN 13396.614	1384.653	2.400	2.400
4	2	2	0.978 NaN 6877.538	1101.669	2.400	2.400
4	2	3	1.452 1.391 17138.347	1181.733	14554.883	1504.111
4	2	4	0.862 0.896 3200 2.4	4466.100	762.749
4	2	5	1.208 1.189 12571.901	1550.595	13901.889	1569.049
4	2	6	1.114 NaN 25000	2.400	2.400	2.400

3 2	2	1.039 1.036 30000	2.4	25000	2.4
3	2	3	1.327 1.053 14325.717	1325.955	18000	2.4
3	2	5	1.088 1.059 17500	2.4	17500	2.4
3	2	6	NaN 1.051 2.400	2.400	21000	2.4
4	2	2	1.078 NaN 18000	2.4	2.400	2.400
4	2	4	1.043 1.047 24000 2.4	22000 2.4
4	2	6	1.250 NaN 50000	2.400	2.400	2.400
