Sector	Layer	Component	HVLeft HV Right Left Mean	Left Sigma	Right Mean	Right Sigma
2	5	7	1 NaN 4172.658	579.188	2.4	2.4
3	5	1	1 1 4289.998	467.664	4528.923	511.652
3	5	2	1 1 3912.668	483.552	4848.086	584.901
3	5	3	1 1 10983.57	1137.6	6343.746	803.123
3	5	4	1 1	8284.571	957.762	4883.273	557.241
3	5	5	1 1	3848.435	454.438	4785.654	506.053
4	5	1	1 1	5000	2.4	6500	2.4
4	5	2	1 1	7204.462	684.301	4192.532	428.171
4	5	3	1 1	7103.018	786.997	7201.89	816.89
4	5	4	1 1	6016.272	676.514	8714.708	923.938
4	5	5	1 1	6914.139	733.282	4636.591	532.097
2	5	7	1.1 NaN 8154.213	1086.588	2.4	2.4
3	5	1	1.1 1.1	8423.665	896.721	8810.203	975.037
3	5	2	1.1 1.1	7678.468	911.941	9467.486	1069.273
3	5	3	1.1 1.1	21140.147	1150.481	12654.787	1349.552
3	5	4	1.1 1.1	16185.209	1351.49	9340.791	967.357
3	5	5	1.1 1.1	7660.44	824.532	9401.061	938.503
4	5	1	1.1 1.1	9175.102	807.433	11945.668	983.527
4	5	2	1.1 1.1	13988.805	1196.258	8270.94	760.256
4	5	3	1.1 1.1	13839.815	1294.749	14167.853	1247.746
4	5	4	1.1 1.1	11525.223	1157.469	16973.215	1363.8
4	5	5	1.1 1.1	13442.184	1136.841	8999.571	926.137
2	5	7	1.2 NaN 14513.156	1687.062	2.4	2.4
3	5	1	1.2 1.2	15500	2.4	15959.683	1287.786
3	5	2	1.2 1.2	13913.205	1328.638	17190.578	1361.27
3	5	3	1.2 1.2	38000	2.4	24000	2.4
3	5	4	1.2 1.2	30000	2.4	16776.179	1347.87
3	5	5	1.2 1.2	14224.217	1152.738	17466.376	1159.116
4	5	2	1.2 1.2	26000	2.4	15231.166	1142.051
4	5	3	1.2 1.2	26000	2.4	26000	2.4
4	5	4	1.2 1.2	20295.622	1351.083	32000	2.4
4	5	5	1.2 1.2	25000	2.4	16528.916	1097.741
2	5	7	1.205 1.2 14695.527	2004.430	8701.091	1752.248
3	5	1	1.194 1.189 14904.415	1552.268	15271.814	1500.059
3	5	2	1.213 1.176 14507.396	1604.406	14926.616	1572.436
3	5	3 1.046 1.125 14815.702	1686.010	14785.801	1444.344
3	5	4	1.087 1.180 14860.215	1705.840	14851.785	1498.041
3	5	5	1.209 1.175 14817.079	1473.680	15063.742	1447.664
4	5	1	1.188 1.133 15968.022	1391.652	14969.604	1410.468
4	5	2	1.110 1.197 15027.472	1479.816	15279.581	1453.475
4	5	3	1.111 1.110 14724.728	1411.958	15045.949	1393.103
4	5	4	1.146 1.080 15011.476	1430.114	14752.383	1381.320
4	5	5	1.116 1.183 15154.402	1355.389	14890.312	1342.842
3	5	5	1.209 1.175 14817.079	1473.680	15800 2.4
2	5	7	1.206 1.3 17000	2.4	16000 2.4
