Sector	Layer	Component	HVLeft HV Right Left Mean	Left Sigma	Right Mean	Right Sigma
2	4	7 1.1	NaN 4805.35	726.225	2.4	2.4
3	4	1	1.1 1.1 4716.565	563.648	6401.546	753.794
3	4	2	1.1 1.1 7391.668	893.248	17360.626	1558.116
3	4	3	1.1 1.1	6078.09	913.597	4867.527	796.296
3	4	4	1.1 1.1	1226.276	207.672	3037.271	460.855
3	4	5	1.1 1.1	1191.022	163.273	992.818	157.966
3	4	6	1.1 1.1	1884.964	232.288	1504.684	294.434
4	4	1	1.1 1.1	18536.851	1222.792	2.4	2.4
4	4	2	1.1 1.1	9552.59	1132.608	2.4	2.4
4	4	3	1.1 1.1	2.4	2.4	6189.999	863.8
4	4	4	1.1 1.1	6006.376	760.058	5425.466	704.524
4	4	5	1.1 1.1	20000	2.4	4020.012	515.439
4	4	6	1.1 1.1	1152.074	205.354	2.4	2.4
2	4	7	1.2 NaN	8669.631	1313.773	2.4	2.4
3	4	1	1.2 1.2	10829.79	865.713	14619.492	483.852
3	4	2	1.2 1.2	17877.29	1507.25	38000	2.4
3	4	3	1.2 1.2	14053.14	1480.198	11653.323	1486.773
3	4	4	1.2 1.2	2500	749.148	6698.031	954.837
3	4	5	1.2 1.2	2553.128	334.67	2183.131	288.279
3	4	6	1.2 1.2	4073.619	533.785	3254.118	431.449
4	4	1	1.2 1.2	37500	2.4	2.4	2.4
4	4	2	1.2 1.2	20906.045	1409.419	2.4	2.4
4	4	3	1.2 1.2	2.4	2.4	14368.339	1393.83
4	4	4	1.2 1.2	13313.994	1437.76	12357.533	1313.048
4	4	5	1.2 1.2	37000	2.4	9259.989	1161.726
4	4	6	1.2 1.2	2500	736.086	2.4	2.4
2	4	7	1.3 NaN 14684.553	1754.982	2.4	2.4
3	4	1	1.3 1.3	22000	2.4	26000	2.4
3	4	2	1.3 1.3	37000	2.4	56000	2.4
3	4	3	1.3 1.3	30000	2.4	26000	2.4
3	4	4	1.3 1.3	5567.081	850.264	13992.684	1449.866
3	4	5	1.3 1.3	5125.311	680.71	4393.142	593.209
3	4	6	1.3 1.3	8269.156	985.228	6573.538	833.324
4	4	1	1.3 1.3	53000	2.4	2.4	2.4
4	4	2	1.3 1.3	40000	2.4	2.4	2.4
4	4	3	1.3 1.3	2.4	2.4	31000	2.4
4	4	4	1.3 1.3	28000	2.4	26000	2.4
4	4	5	1.3 1.3	52000	2.4	20000	2.4
4	4	6	1.3 1.3	4658.689	541.284	2.4	2.4


2	4	7	1.304 1.200 14925.736	2089.108	11970.832	2030.189
3	4	1	1.246 1.208 16000	2.400 17000	2.400
3	4	2	1.175 0.990 13686.370	2013.525	6000	2.4
3	4	3	1.204 1.225 14419.871	1658.008	13312.145	1734.179
3	4	4	1.451 1.310 15624.201	1361.316	14566.808	1621.490
3	4	5	1.470 1.491 14960.533	1639.708	15410.963	1514.282
3	4	6	1.390 1.427 13490.901	1496.407	15648.425	1427.870
4	4	1	1.070 NaN 13417.143	1534.229	2.400	2.400
4	4	2	1.154 NaN 15272.023	1734.129	2.400	2.400
4	4	3	NaN 1.200 2.400	2.400	13274.278	1641.706
4	4	4	1.212 1.223 14253.297	1644.860	14279.696	1472.247
4	4	5	1.025 1.260 4113.155	3591.558	14864.039	1415.585
4	4	6	1.495 NaN 17662.377	1076.661	2.400	2.400

2	4	7	1.304 1.300 18000 2.4	20000 2.4
3	4	1	1.246 1.203 16000	2.400 18500	1000.00
3	4	2	1.175 1.082 13686.370	2013.525	16000	2.4
4	4	5	1.125 1.260 22500 2.4	14864.039	1415.585
4	4	6	1.470 NaN 16000	2.4	2.400	2.400
