Sector	Layer	Component	HVLeft HV Right Left Mean	Left Sigma	Right Mean	Right Sigma
3	1	1 1.1	1.1 54000	2.4	57000	2.4
3	1	2	1.1	1.1 37000	2.4	41000	2.4
3	1	3	1.1	1.1 2.4	2.4	55000	2.4
3	1	4	1.1	1.1 40000	2.4	42000	2.4
3	1	5	1.1	1.1 2000	2.4	900	2.4
3	1	6	1.1	1.1 2.4	2.4	56000	2.4
4	1	1	1.1	1.1 64000	2.4	2.4	2.4
4	1	2	1.1	1.1 44000	2.4	2.4	2.4
4	1	3	1.1	1.1 53000	2.4	40000	2.4
4	1	4	1.1	1.1 1000	2.4	500	2.4
4	1	5	1.1	1.1 1000	2.4	1000	2.4
4	1	6	1.1	1.1 47000	2.4	44000	2.4
3	1	1	1.2	1.2	70000	2.4	64000	2.4
3	1	2	1.2	1.2	54000	2.4	58000	2.4
3	1	3	1.2	1.2	2.4	2.4	62000	2.4
3	1	4	1.2	1.2	56000	2.4	59000	2.4
3	1	5	1.2	1.2	3500	2.4	2500	2.4
3	1	6	1.2	1.2	2.4	2.4	64000	2.4
4	1	1	1.2	1.2	78000	2.4	2.4	2.4
4	1	2	1.2	1.2	61000	2.4	2.4	2.4
4	1	3	1.2	1.2	70000	2.4	58000	2.4
4	1	4	1.2	1.2	2000	2.4	3000	2.4
4	1	5	1.2	1.2	2000	2.4	2000	2.4
4	1	6	1.2	1.2	64000	2.4	60000	2.4
3	1	3	1.3	1.3	2.4	2.4	76000	2.4
3	1	5	1.3	1.3	7000	2.4	6000	2.4
4	1	1	1.3	1.3	80000	2.4	2.4	2.4
4	1	4	1.3	1.3	5000	2.4	6000	2.4
4	1	5	1.3	1.3	5000	2.4	4000	2.4
3	1	1	0.819 0.790 4474.323	603.288	2600 2.4
3	1	2	0.834 0.800 2700 2.4	2100	2.4
3	1	3	NaN 0.779 2.400	2.400	1800 2.4
3	1	4	0.807 0.782 2150 2.4	1800 2.4
3	1	5	1.431 1.411 14687.341	1335.652	10500 2.4
3	1	6	NaN 0.811 2.400	2.400	2900 2.4
4	1	1	0.744 NaN 2500	2.400	2.400	2.400
4	1	2	0.761 NaN 1300 	2.4	2.400	2.400
4	1	3	0.837 0.814 5000	2.4	2000	2.4
4	1	4	1.442 1.414 9486.681	1171.841	11109.265	1285.378
4	1	5	1.442 1.520 9427.070	1165.934	14000	2.4
4	1	6	0.721 0.747 729.726	141.861	996.964	181.578

3	1	1	0.981 0.999 28000 2.4	28000 2.4
3	1	2	1.036 1.027 23000 2.4	26000	2.4
3	1	3	NaN 1.020 2.400	2.400	26000 2.4
3	1	4	1.032 1.026 25000 2.4	26000 2.4
3	1	5	1.431 1.449 14687.341	1335.652	13000 2.4
3	1	6	NaN 1.004 2.400	2.400	26000 2.4
4	1	1	0.968 NaN 35000	2.400	2.400	2.400
4	1	2	1.030 NaN 28000 	2.4	2.400	2.400
4	1	3	0.976 1.038 25000	2.4	25000	2.4
4	1	4	1.442 1.449 9486.681	1171.841	13000	2.4
4	1	6	1.038 1.042 35000 2.4 35000 2.4
