#Sector	Layer	Component	Order	Mean	Sigma

1	1	1	0	21200.373991	5082.415657
1	1	1	1	21543.757450	5192.150626
1	1	2	0	21403.849235	1602.719960
1	1	2	1	20587.790218	1612.090835
1	1	3	0	21345.446527	4932.743994
1	1	3	1	21368.101524	5543.903704
2	1	1	0	21491.860502	5238.361882
2	1	1	1	21673.535839	5130.696637
2	1	2	0	21712.556672	6237.210968
2	1	2	1	21526.734901	6309.048724
2	1	3	0	19634.728625	1561.779910
2	1	3	1	21436.762592	5148.749747
2	1	4	0	21648.473655	5594.720086
2	1	4	1	21703.281529	5650.442782
2	1	5	0	20996.244039	5271.352925
2	1	5	1	20961.746513	5427.076743
2	1	6	0	21422.107366	5394.571038
2	1	6	1	21616.542211	5892.661710
2	1	7	0	21812.889949	5260.773471
2	1	7	1	23009.838146	5650.895947
3	1	1	0	31229.836746	4510.912682
3	1	1	1	30161.176792	4532.815058
3	1	2	0	29938.639667	4400.516182
3	1	2	1	29301.841641	4409.871964
3	1	3	0	30162.776232	4657.545311
3	1	3	1	31156.682040	4813.077019
3	1	4	0	30375.332748	4795.424755
3	1	4	1	30832.173653	4862.698825
3	1	5	0	23224.230718	5238.505109
3	1	5	1	22690.877800	5037.460064
3	1	6	0	30068.837734	5325.644679
3	1	6	1	30228.975433	5452.496026
4	1	1	0	33394.939898	4839.246347
4	1	1	1	28396.644162	4669.966887
4	1	2	0	30555.354863	4452.170095
4	1	2	1	29658.124337	4552.420818
4	1	3	0	30199.081867	4627.396036
4	1	3	1	31673.338661	4485.674369
4	1	4	0	23277.220451	4933.386308
4	1	4	1	24030.109389	4779.845797
4	1	5	0	22842.882057	4950.080363
4	1	5	1	22708.110746	4871.266358
4	1	6	0	31610.781900	5113.037205
4	1	6	1	20334.157569	1640.512890
5	1	1	0	22556.586124	6100.907553
5	1	1	1	22099.761471	5716.095708
5	1	2	0	23563.488198	6416.058273
5	1	2	1	21700.484546	6090.267391
1	2	1	0	22812.495995	4993.153407
1	2	1	1	22286.981865	4872.856274
1	2	2	0	20852.304224	1680.853176
1	2	2	1	22685.921709	5081.520281
1	2	3	0	23179.433839	5635.881883
1	2	3	1	22849.617723	5229.079541
2	2	1	0	21923.632303	5148.449689
2	2	1	1	21624.971839	5502.777780
2	2	2	0	21880.738378	6365.535824
2	2	2	1	21507.100978	6240.473045
2	2	3	0	22500.351297	5593.146136
2	2	3	1	22554.068705	5986.667412
2	2	4	0	22728.382142	5795.516706
2	2	4	1	22638.319318	6049.383343
2	2	5	0	21753.965762	5888.546691
2	2	5	1	21920.080467	5605.805523
2	2	6	0	22077.315898	5451.602115
2	2	6	1	22390.553248	5602.985866
2	2	7	0	22520.272540	6155.505894
2	2	7	1	22278.079988	5634.071121
3	2	1	0	23794.190207	4706.825458
3	2	1	1	24784.411116	4714.940233
3	2	2	0	30482.235612	4941.682686
3	2	2	1	31042.592794	4395.740894
3	2	3	0	25408.886333	4820.942041
3	2	3	1	28832.654784	4742.145646
3	2	4	0	24673.915278	4695.254491
3	2	4	1	24629.983644	4670.501545
3	2	5	0	29351.772000	4956.763737
3	2	5	1	27636.469279	5027.338749
3	2	6	0	29203.809626	5090.757597
3	2	6	1	29964.157704	5169.833884
4	2	1	0	24833.384815	4595.752640
4	2	1	1	23112.757690	4191.673773
4	2	2	0	28707.312931	4424.072427
4	2	2	1	28909.288442	4372.172487
4	2	3	0	23627.494687	4890.890986
4	2	3	1	23678.181600	5246.750630
4	2	4	0	28811.730994	4626.084928
4	2	4	1	28903.532858	4489.049931
4	2	5	0	27127.943576	4918.247425
4	2	5	1	26169.679064	4513.182007
4	2	6	0	28518.606721	5265.748680
4	2	6	1	28532.786197	4953.732922
5	2	1	0	22103.621064	6223.659288
5	2	1	1	22702.618817	6055.796445
5	2	2	0	22642.737919	5756.151820
5	2	2	1	22947.972926	6467.085401
1	3	1	0	21633.237174	1597.147721
1	3	1	1	21359.057043	1505.161992
1	3	2	0	21500.218379	1552.531513
1	3	2	1	22792.523741	4913.530755
1	3	3	0	22490.266149	5606.398073
1	3	3	1	23081.559728	5438.589697
2	3	1	0	21902.510979	5406.849894
2	3	1	1	22325.578405	5643.821931
2	3	2	0	22599.259284	6504.514824
2	3	2	1	21962.440703	6316.405787
2	3	3	0	22250.160326	5580.897261
2	3	3	1	22615.778492	5297.849748
2	3	4	0	22502.775484	5997.173438
2	3	4	1	22823.433020	5722.372592
2	3	5	0	22406.016609	5665.552994
2	3	5	1	21934.720902	5348.927937
2	3	6	0	22163.113786	5352.831345
2	3	6	1	22436.451654	5921.247321
2	3	7	0	22031.936936	5499.031199
2	3	7	1	22698.270057	5896.633082
3	3	1	0	27693.980591	4559.742061
3	3	1	1	28366.368107	4637.602236
3	3	2	0	27927.351456	4575.111637
3	3	2	1	28921.052468	5033.254109
3	3	3	0	28772.059455	5261.664972
3	3	3	1	26801.147796	5348.479524
3	3	4	0	28115.094075	5139.866832
3	3	4	1	28274.690359	5126.936064
3	3	5	0	26911.804859	4594.716903
3	3	5	1	23756.619892	4988.829393
3	3	6	0	28620.277233	4114.997325
3	3	6	1	29307.367035	4743.506787
4	3	1	0	30311.866703	4413.916087
4	3	1	1	28356.680068	4451.857691
4	3	2	0	23544.382978	3599.473555
4	3	2	1	22971.942557	3462.961129
4	3	3	0	28758.442493	4781.885398
4	3	3	1	27520.181996	4703.766528
4	3	4	0	25970.662615	5635.890809
4	3	4	1	25130.903402	5293.730060
4	3	5	0	29093.714287	5246.720369
4	3	5	1	28597.436285	5334.176133
4	3	6	0	27480.758519	5533.824568
4	3	6	1	25851.448944	5435.153332
5	3	1	0	21958.597836	5884.312251
5	3	1	1	22343.920110	5942.640629
5	3	2	0	22743.460926	5425.608462
5	3	2	1	22743.460926	5425.608462
1	4	1	0	21515.562348	1526.443845
1	4	1	1	21474.043589	1534.116876
1	4	2	0	21646.422500	1612.988281
1	4	2	1	21367.972933	1532.358087
1	4	3	0	22640.036723	4935.231307
1	4	3	1	21103.432489	1625.609177
2	4	1	0	21783.772152	5537.328687
2	4	1	1	21803.341219	5163.787977
2	4	2	0	22211.244926	6277.212531
2	4	2	1	22101.517904	6177.550826
2	4	3	0	22000.282116	8000.548812
2	4	3	1	22000.370601	8000.148929
2	4	4	0	22014.150912	6236.501179
2	4	4	1	22026.792185	5621.557062
2	4	5	0	21883.572941	5344.213804
2	4	5	1	23592.503764	5543.113263
2	4	6	0	21988.050054	5901.099021
2	4	6	1	22585.707764	5583.093934
2	4	7	0	22743.743857	5306.961428
2	4	7	1	22154.442609	5694.349447
3	4	1	0	23800.704061	3237.529615
3	4	1	1	22670.612316	3323.996232
3	4	2	0	27870.320062	5320.300566
3	4	2	1	29842.689069	5241.948101
3	4	3	0	25672.996566	5106.304703
3	4	3	1	26892.315476	4908.290455
3	4	4	0	25805.790818	5199.229269
3	4	4	1	25431.372897	5053.137136
3	4	5	0	24116.481086	5725.870973
3	4	5	1	23251.408972	5926.401505
3	4	6	0	23986.691123	5678.337532
3	4	6	1	24093.504942	5849.163040
4	4	1	0	28529.906312	4960.676905
4	4	1	1	28485.358397	5085.789689
4	4	2	0	26373.680377	4194.990701
4	4	2	1	26998.423442	4401.171074
4	4	3	0	26500.493108	4919.652445
4	4	3	1	26035.864649	4916.958501
4	4	4	0	25769.876103	4877.006565
4	4	4	1	25401.435503	4574.781638
4	4	5	0	29000.630122	5106.359102
4	4	5	1	25749.630122	5106.359102
4	4	6	0	23604.141936	4518.815213
4	4	6	1	25202.415402	4574.657649
5	4	1	0	21882.978095	6044.838486
5	4	1	1	22404.239038	5548.358260
5	4	2	0	22995.916757	6747.406651
5	4	2	1	22886.914562	5552.596299
1	5	1	0	22609.207580	5206.300970
1	5	1	1	21827.609627	4721.407199
1	5	2	0	22085.543682	1641.197658
1	5	2	1	23310.803772	4886.558935
1	5	3	0	22442.872456	5035.798242
1	5	3	1	22241.133832	5073.718411
2	5	1	0	21648.102656	1554.120643
2	5	1	1	20759.654583	1612.303397
2	5	2	0	22735.114081	6129.027366
2	5	2	1	22533.257942	6152.635762
2	5	3	0	23399.865324	5351.812571
2	5	3	1	22722.618600	5456.851844
2	5	4	0	23094.727157	5600.048691
2	5	4	1	23112.680932	5394.430674
2	5	5	0	21739.956718	5484.575374
2	5	5	1	22564.299423	5124.902627
2	5	6	0	22212.372807	5653.476159
2	5	6	1	22725.803779	5351.869409
2	5	7	0	-1.000000	-1.000000
2	5	7	1	21239.554422	5968.543026
3	5	1	0	21750.753878	1193.346635
3	5	1	1	21927.133521	1295.067054
3	5	2	0	22827.492661	4657.464495
3	5	2	1	23292.350678	4957.387358
3	5	3	0	23868.381067	4909.645153
3	5	3	1	24908.788473	5160.430925
3	5	4	0	24603.718269	5369.333571
3	5	4	1	23620.050027	5059.054558
3	5	5	0	23310.792348	5175.228748
3	5	5	1	23310.792348	5175.228748
4	5	1	0	23079.328645	4572.825198
4	5	1	1	23532.809828	4643.218130
4	5	2	0	23207.275351	4593.643839
4	5	2	1	24399.518952	4871.733984
4	5	3	0	23990.672531	4852.929466
4	5	3	1	23809.525520	4733.648644
4	5	4	0	23153.478385	4546.200893
4	5	4	1	23994.928429	4302.245041
4	5	5	0	24024.892062	5498.350233
4	5	5	1	23074.478852	5211.625009
1	6	1	0	18317.797022	15771.130629
1	6	1	1	-1.000000	-1.000000
1	6	2	0	15714.936987	5245.298911
1	6	2	1	-1.000000	-1.000000
1	6	3	0	18951.783906	15680.203478
1	6	3	1	-1.000000	-1.000000
2	6	1	0	-260965447.075186	12527392050.785799
2	6	1	1	-1.000000	-1.000000
2	6	2	0	14177.080884	5718.236800
2	6	2	1	-1.000000	-1.000000
2	6	3	0	13847.146787	5323.286487
2	6	3	1	-1.000000	-1.000000
2	6	4	0	21704.886782	14852.664764
2	6	4	1	-1.000000	-1.000000
2	6	5	0	-1.000000	-1.000000
2	6	5	1	-1.000000	-1.000000
2	6	6	0	21389.299330	21295.551943
2	6	6	1	-1.000000	-1.000000
2	6	7	0	37453.378650	60018.241166
2	6	7	1	-1.000000	-1.000000
3	6	1	0	16159.871687	7941.973616
3	6	1	1	-1.000000	-1.000000
3	6	2	0	12463.195509	3957.337268
3	6	2	1	-1.000000	-1.000000
3	6	3	0	11630.728397	2691.464572
3	6	3	1	-1.000000	-1.000000
3	6	4	0	27095.574945	9483.411584
3	6	4	1	-1.000000	-1.000000
3	6	5	0	-1.000000	-1.000000
3	6	5	1	-1.000000	-1.000000
3	6	6	0	15769.692910	10338.079210
3	6	6	1	-1.000000	-1.000000
4	6	1	0	-1.000000	-1.000000
4	6	1	1	2105.108928	790.138088
4	6	2	0	-1.000000	-1.000000
4	6	2	1	3786.868863	1224.378780
4	6	3	0	-1.000000	-1.000000
4	6	3	1	5071.937752	1317.556940
4	6	4	0	-1.000000	-1.000000
4	6	4	1	10235.180342	4778.225766
4	6	5	0	-1.000000	-1.000000
4	6	5	1	7734.037609	2611.053560
4	6	6	0	-1.000000	-1.000000
4	6	6	1	10670.154444	862.193656
5	6	1	0	22426.950151	17995.823242
5	6	1	1	-1.000000	-1.000000
5	6	2	0	27116.407692	31067.071056
5	6	2	1	-1.000000	-1.000000
