#Sector	Layer	Component	Order	Mean	Sigma

1	1	1	0	3658.185936	459.132316
1	1	1	1	4222.046220	958.667564
1	1	2	0	5745.734586	709.118977
1	1	2	1	8121.057167	962.447015
1	1	3	0	7636.330299	917.410063
1	1	3	1	4699.783907	598.611021
2	1	1	0	4043.207994	587.798202
2	1	1	1	4258.497086	648.321837
2	1	2	0	4361.130569	640.894600
2	1	2	1	4169.200941	635.268319
2	1	3	0	1833.725782	371.840979
2	1	3	1	2024.410806	375.322131
2	1	4	0	4290.775001	589.337801
2	1	4	1	4750.000000	1222.461986
2	1	5	0	2674.318509	381.994129
2	1	5	1	2879.227970	451.410621
2	1	6	0	4078.211409	571.946934
2	1	6	1	4362.593528	1097.145578
2	1	7	0	5382.655058	685.577721
2	1	7	1	5877.859764	753.175368
3	1	1	0	23065.205951	1455.647753
3	1	1	1	20344.843207	1531.142893
3	1	2	0	21991.540184	1283.516587
3	1	2	1	16971.876731	1534.527931
3	1	3	0	25665.504721	4605.194022
3	1	3	1	26860.841623	4965.172990
3	1	4	0	20391.469356	1611.262991
3	1	4	1	20657.633102	1558.909156
3	1	5	0	16009.989835	1482.832022
3	1	5	1	14381.102085	1518.064312
3	1	6	0	21938.129365	1584.087363
3	1	6	1	21433.934162	1706.372957
4	1	1	0	34660.696173	4265.818142
4	1	1	1	35827.514555	4380.231960
4	1	2	0	21539.711602	1529.517629
4	1	2	1	19041.085925	1587.919835
4	1	3	0	21209.300197	1653.683158
4	1	3	1	20760.504499	1531.996379
4	1	4	0	15148.326790	1467.165606
4	1	4	1	13782.588322	1437.960417
4	1	5	0	15707.588259	1347.428461
4	1	5	1	15630.719797	1459.653915
4	1	6	0	27541.503781	5231.981001
4	1	6	1	25359.659633	4989.744583
5	1	1	0	5460.326121	770.575446
5	1	1	1	4650.832667	639.888561
5	1	2	0	4737.787781	731.504974
5	1	2	1	3914.930655	592.327933
1	2	1	0	9678.998402	1094.476907
1	2	1	1	7232.390711	852.206669
1	2	2	0	9487.085103	1142.574454
1	2	2	1	8123.848673	1839.632706
1	2	3	0	5391.965279	692.089093
1	2	3	1	8675.949154	1019.464660
2	2	1	0	3825.040144	537.365419
2	2	1	1	3929.216557	1343.795571
2	2	2	0	4858.362345	696.991353
2	2	2	1	4757.619216	688.007555
2	2	3	0	4131.738030	661.386622
2	2	3	1	5955.746993	957.393941
2	2	4	0	6296.263802	874.858040
2	2	4	1	5980.226425	867.676208
2	2	5	0	4552.478039	662.565672
2	2	5	1	4911.072371	689.742551
2	2	6	0	5064.152614	1203.497278
2	2	6	1	6526.313572	883.343332
2	2	7	0	6007.165533	799.662311
2	2	7	1	5665.977822	774.648743
3	2	1	0	8814.408954	837.758653
3	2	1	1	28477.921882	4286.195219
3	2	2	0	24348.897746	4814.929557
3	2	2	1	26253.417859	4713.733314
3	2	3	0	15912.132243	1420.886850
3	2	3	1	17524.095145	1519.628621
3	2	4	0	15876.615164	1502.617376
3	2	4	1	15442.227532	1477.827915
3	2	5	0	21579.454456	1486.598995
3	2	5	1	19824.498094	1672.093014
3	2	6	0	13929.134514	1541.010128
3	2	6	1	18152.390998	1700.305483
4	2	1	0	25727.142305	4737.341645
4	2	1	1	24108.055839	4662.401370
4	2	2	0	19388.738469	1418.249681
4	2	2	1	21377.502769	1324.287063
4	2	3	0	15827.855846	1531.436984
4	2	3	1	15184.120725	1415.002556
4	2	4	0	18399.542991	1604.497410
4	2	4	1	17542.777518	1580.882618
4	2	5	0	27095.407699	13782.778916
4	2	5	1	18446.649128	1388.022382
4	2	6	0	11659.060314	1351.185993
4	2	6	1	11568.771997	1268.983987
5	2	1	0	4620.807847	688.672841
5	2	1	1	5913.740024	891.890103
5	2	2	0	6672.647750	887.114881
5	2	2	1	5760.363223	858.840205
1	3	1	0	7536.482337	1572.980288
1	3	1	1	8845.277025	1327.358514
1	3	2	0	9285.120155	1106.180920
1	3	2	1	7779.029624	922.020547
1	3	3	0	9813.534898	1247.505602
1	3	3	1	11162.521418	1369.456146
2	3	1	0	3664.732756	786.395639
2	3	1	1	4127.385532	827.791339
2	3	2	0	8470.237678	1697.043417
2	3	2	1	6569.870875	1171.179609
2	3	3	0	5555.869623	834.124138
2	3	3	1	5994.784395	813.152758
2	3	4	0	5848.366670	833.990070
2	3	4	1	6303.470773	839.941966
2	3	5	0	5955.480641	795.001771
2	3	5	1	5132.380936	688.687525
2	3	6	0	5883.887741	777.844801
2	3	6	1	5982.251994	862.726192
2	3	7	0	5347.340257	729.350020
2	3	7	1	5993.728272	835.167982
3	3	1	0	15346.258615	1507.825011
3	3	1	1	14431.208309	1417.452808
3	3	2	0	17199.749553	1513.239923
3	3	2	1	19428.247678	1567.619417
3	3	3	0	13487.930753	1512.508961
3	3	3	1	14784.589353	1595.188293
3	3	4	0	30951.966104	4802.138580
3	3	4	1	28129.195033	5097.306719
3	3	5	0	24562.378746	4862.044647
3	3	5	1	15705.515780	1516.007553
3	3	6	0	24071.804169	4250.893732
3	3	6	1	27575.213388	5025.341546
4	3	1	0	37711.458365	4921.393817
4	3	1	1	35444.653873	4656.576619
4	3	2	0	23158.084801	3358.867046
4	3	2	1	16461.510000	3400.206525
4	3	3	0	35791.731302	4483.009402
4	3	3	1	36089.717787	4651.146863
4	3	4	0	15455.408495	1549.377548
4	3	4	1	16371.553101	1567.121561
4	3	5	0	17571.800017	1626.592485
4	3	5	1	19507.026653	1561.072198
4	3	6	0	14234.600959	1419.104058
4	3	6	1	12535.312408	1289.191719
5	3	1	0	4747.610707	697.886259
5	3	1	1	-1.000000	-1.000000
5	3	2	0	7451.990798	1105.575478
5	3	2	1	6150.721983	822.874223
1	4	1	0	6017.226632	703.446907
1	4	1	1	6799.291529	1479.416049
1	4	2	0	10565.191195	1200.645893
1	4	2	1	9583.913000	1426.370049
1	4	3	0	10704.269135	1316.470758
1	4	3	1	9609.703847	1185.175874
2	4	1	0	2354.505688	708.851731
2	4	1	1	2250.089766	625.159717
2	4	2	0	6403.812399	859.588096
2	4	2	1	5225.012628	832.979728
2	4	3	0	5734.610804	814.820548
2	4	3	1	7749.193258	1118.028417
2	4	4	0	5213.156156	778.908998
2	4	4	1	4836.254926	691.986533
2	4	5	0	6804.398052	900.766529
2	4	5	1	10386.478602	1350.379584
2	4	6	0	4601.000060	1088.052835
2	4	6	1	6293.725184	811.622382
2	4	7	0	13133.993078	1623.218962
2	4	7	1	11313.932555	1426.075319
3	4	1	0	20579.316173	3171.286944
3	4	1	1	11289.617745	1033.038069
3	4	2	0	15414.496900	1551.519427
3	4	2	1	15339.912754	1471.370819
3	4	3	0	15899.010569	1602.639407
3	4	3	1	15223.532880	1493.444180
3	4	4	0	31611.526324	14738.244881
3	4	4	1	34734.093833	4610.651525
3	4	5	0	15689.963573	1705.916761
3	4	5	1	14459.703463	1632.801280
3	4	6	0	17843.214129	1471.532534
3	4	6	1	18831.978858	1529.939420
4	4	1	0	14634.451106	1318.225646
4	4	1	1	17773.052977	1490.230706
4	4	2	0	16928.044170	1500.937728
4	4	2	1	18909.876054	1311.679772
4	4	3	0	16328.452984	1470.378839
4	4	3	1	15485.069830	1492.610500
4	4	4	0	14916.399404	1417.977731
4	4	4	1	15476.187990	1430.433403
4	4	5	0	23369.610959	4896.971322
4	4	5	1	15927.391626	1546.502036
4	4	6	0	23727.905482	5025.078276
4	4	6	1	28445.530276	4836.631648
5	4	1	0	6695.803963	890.938953
5	4	1	1	5709.487945	754.637627
5	4	2	0	7831.391891	1187.993495
5	4	2	1	7697.181569	978.101195
1	5	1	0	8863.982346	1005.766163
1	5	1	1	7609.191468	852.868074
1	5	2	0	9485.253025	1127.321534
1	5	2	1	10213.718956	1211.017345
1	5	3	0	8086.112625	944.977035
1	5	3	1	7631.851748	934.029704
2	5	1	0	8897.832585	1085.468778
2	5	1	1	9085.250775	1111.853449
2	5	2	0	8141.670003	1637.446756
2	5	2	1	6174.644087	852.922943
2	5	3	0	9803.385562	1259.184669
2	5	3	1	8129.946053	1148.528713
2	5	4	0	9360.647164	1219.317029
2	5	4	1	8285.517838	1909.837381
2	5	5	0	5275.224211	686.980143
2	5	5	1	7738.636252	939.643101
2	5	6	0	5517.806218	1300.272951
2	5	6	1	8484.555343	1009.554223
2	5	7	0	5529.848974	752.468096
2	5	7	1	8416.877696	1192.793469
3	5	1	0	14954.346714	1310.522085
3	5	1	1	14905.119778	1353.991009
3	5	2	0	15348.371232	1455.096254
3	5	2	1	15303.988987	1453.097420
3	5	3	0	14856.196795	1409.690696
3	5	3	1	15237.638922	1432.319470
3	5	4	0	15521.561333	1519.182027
3	5	4	1	15214.912511	1474.646979
3	5	5	0	16074.298647	1605.052166
3	5	5	1	15467.456964	1593.344826
4	5	1	0	15412.195158	1465.403767
4	5	1	1	15452.120175	1395.233944
4	5	2	0	27630.657591	4940.079925
4	5	2	1	25729.952674	4924.093532
4	5	3	0	15945.861186	1467.793975
4	5	3	1	14932.048535	1320.337882
4	5	4	0	14773.951680	1386.658283
4	5	4	1	14739.140882	1370.678239
4	5	5	0	14784.638347	1194.872683
4	5	5	1	14994.523688	1302.057329
1	6	1	0	-1.000000	-1.000000
1	6	1	1	-1.000000	-1.000000
1	6	2	0	-1.000000	-1.000000
1	6	2	1	-1.000000	-1.000000
1	6	3	0	-1.000000	-1.000000
1	6	3	1	-1.000000	-1.000000
2	6	1	0	-1.000000	-1.000000
2	6	1	1	-1.000000	-1.000000
2	6	2	0	-1.000000	-1.000000
2	6	2	1	-1.000000	-1.000000
2	6	3	0	-1.000000	-1.000000
2	6	3	1	-1.000000	-1.000000
2	6	4	0	-1.000000	-1.000000
2	6	4	1	-1.000000	-1.000000
2	6	5	0	-1.000000	-1.000000
2	6	5	1	-1.000000	-1.000000
2	6	6	0	-1.000000	-1.000000
2	6	6	1	-1.000000	-1.000000
2	6	7	0	-1.000000	-1.000000
2	6	7	1	-1.000000	-1.000000
3	6	1	0	-1.000000	-1.000000
3	6	1	1	-1.000000	-1.000000
3	6	2	0	-1.000000	-1.000000
3	6	2	1	-1.000000	-1.000000
3	6	3	0	-1.000000	-1.000000
3	6	3	1	-1.000000	-1.000000
3	6	4	0	-1.000000	-1.000000
3	6	4	1	-1.000000	-1.000000
3	6	5	0	-1.000000	-1.000000
3	6	5	1	-1.000000	-1.000000
3	6	6	0	-1.000000	-1.000000
3	6	6	1	-1.000000	-1.000000
4	6	1	0	-1.000000	-1.000000
4	6	1	1	-1.000000	-1.000000
4	6	2	0	-1.000000	-1.000000
4	6	2	1	-1.000000	-1.000000
4	6	3	0	-1.000000	-1.000000
4	6	3	1	-1.000000	-1.000000
4	6	4	0	-1.000000	-1.000000
4	6	4	1	-1.000000	-1.000000
4	6	5	0	-1.000000	-1.000000
4	6	5	1	-1.000000	-1.000000
4	6	6	0	-1.000000	-1.000000
4	6	6	1	-1.000000	-1.000000
5	6	1	0	-1.000000	-1.000000
5	6	1	1	-1.000000	-1.000000
5	6	2	0	-1.000000	-1.000000
5	6	2	1	-1.000000	-1.000000
